materials  IE_A  IE_B  X_A  X_B  xA  xB  Vcell_over_Vatom
Cr3Ge                 6.76600  7.89700  1.66000  2.01000  0.75000  0.25000  0.82857
Cr3Si                 6.76600  8.15100  1.66000  1.90000  0.75000  0.25000  0.82727
Nb3Ga                 6.75800  5.99800  1.60000  1.81000  0.75000  0.25000  0.91183
V3Ga                  6.74600  5.99800  1.63000  1.81000  0.75000  0.25000  0.94144
Mo3Ga                 7.09200  5.99800  2.16000  1.81000  0.75000  0.25000  0.89190
Nb3Ge                 6.75800  7.89700  1.60000  2.01000  0.75000  0.25000  0.91066
V3Ge                  6.74600  7.89700  1.63000  2.01000  0.75000  0.25000  0.95374
Mo3Si                 7.09200  8.15100  2.16000  1.90000  0.75000  0.25000  0.88300
Nb3Sb                 6.75800  8.64300  1.60000  2.05000  0.75000  0.25000  0.91475
Nb3Sn                 6.75800  7.34400  1.60000  1.96000  0.75000  0.25000  0.90236
V3Sn                  6.74600  7.34400  1.63000  1.96000  0.75000  0.25000  0.93327
LaBi                  5.57700  7.28600  1.10000  2.02000  0.50000  0.50000  0.70264
HfC                   6.82400  11.26000  1.30000  2.55000  0.50000  0.50000  0.97248
ZrC                   6.63400  11.26000  1.33000  2.55000  0.50000  0.50000  0.93694
LaSb                  5.57700  8.64300  1.10000  2.05000  0.50000  0.50000  0.70827
YSb                   6.21800  8.64300  1.22000  2.05000  0.50000  0.50000  0.67495
ThC                   6.08300  11.26000  1.30000  2.55000  0.50000  0.50000  1.02166
YSe                   6.21800  9.75200  1.22000  2.55000  0.50000  0.50000  0.77525
CeAs                  5.53800  9.81400  1.12000  2.18000  0.50000  0.50000  0.75850
ErAs                  6.10700  9.81400  1.24000  2.18000  0.50000  0.50000  0.75058
GdAs                  6.15000  9.81400  1.20000  2.18000  0.50000  0.50000  0.76646
TbAs                  5.86400  9.81400  1.21000  2.18000  0.50000  0.50000  0.76377
YbAs                  6.25300  9.81400  1.25000  2.18000  0.50000  0.50000  0.74644
CeBi                  5.53800  7.28600  1.12000  2.02000  0.50000  0.50000  0.69950
DyBi                  5.93800  7.28600  1.22000  2.02000  0.50000  0.50000  0.70822
ErBi                  6.10700  7.28600  1.24000  2.02000  0.50000  0.50000  0.70185
GdBi                  6.15000  7.28600  1.20000  2.02000  0.50000  0.50000  0.71834
PrBi                  5.46100  7.28600  1.13000  2.02000  0.50000  0.50000  0.71808
CrC                   6.76600  11.26000  1.66000  2.55000  0.50000  0.50000  0.79987
FeC                   7.90200  11.26000  1.83000  2.55000  0.50000  0.50000  0.47767
ScC                   6.56100  11.26000  1.36000  2.55000  0.50000  0.50000  0.97752
TaC                   7.88700  11.26000  1.50000  2.55000  0.50000  0.50000  1.01626
VC                    6.74600  11.26000  1.63000  2.55000  0.50000  0.50000  0.93171
CeN                   5.53800  14.53000  1.12000  3.04000  0.50000  0.50000  1.16904
CeP                   5.53800  10.48000  1.12000  2.19000  0.50000  0.50000  0.77979
CeS                   5.53800  10.36000  1.12000  2.58000  0.50000  0.50000  0.84232
CeSb                  5.53800  8.64300  1.12000  2.05000  0.50000  0.50000  0.70432
CeSe                  5.53800  9.75200  1.12000  2.55000  0.50000  0.50000  0.79974
CeTe                  5.53800  9.00900  1.12000  2.10000  0.50000  0.50000  0.72343
DyS                   5.93800  10.36000  1.22000  2.58000  0.50000  0.50000  0.84218
DySb                  5.93800  8.64300  1.22000  2.05000  0.50000  0.50000  0.69984
ErP                   6.10700  10.48000  1.24000  2.19000  0.50000  0.50000  0.76098
ErS                   6.10700  10.36000  1.24000  2.58000  0.50000  0.50000  0.82768
ErSb                  6.10700  8.64300  1.24000  2.05000  0.50000  0.50000  0.69662
ErSe                  6.10700  9.75200  1.24000  2.55000  0.50000  0.50000  0.78518
GdP                   6.15000  10.48000  1.20000  2.19000  0.50000  0.50000  0.78052
GdSb                  6.15000  8.64300  1.20000  2.05000  0.50000  0.50000  0.71469
GdSe                  6.15000  9.75200  1.20000  2.55000  0.50000  0.50000  0.80496
GdTe                  6.15000  9.00900  1.20000  2.10000  0.50000  0.50000  0.73524
PdH                   8.33700  13.59000  2.20000  2.20000  0.50000  0.50000  0.69512
RhH                   7.45900  13.59000  2.28000  2.20000  0.50000  0.50000  0.75177
HfN                   6.82400  14.53000  1.30000  3.04000  0.50000  0.50000  1.04428
HoP                   6.02100  10.48000  1.23000  2.19000  0.50000  0.50000  0.78376
HoS                   6.02100  10.36000  1.23000  2.58000  0.50000  0.50000  0.84495
HoSb                  6.02100  8.64300  1.23000  2.05000  0.50000  0.50000  0.71018
LaSe                  5.57700  9.75200  1.10000  2.55000  0.50000  0.50000  0.80425
LaTe                  5.57700  9.00900  1.10000  2.10000  0.50000  0.50000  0.72265
LuS                   5.42500  10.36000  1.27000  2.58000  0.50000  0.50000  0.83278
TcN                   7.27500  14.53000  1.90000  3.04000  0.50000  0.50000  0.93932
YbN                   6.25300  14.53000  1.25000  3.04000  0.50000  0.50000  1.05285
NdS                   5.52500  10.36000  1.14000  2.58000  0.50000  0.50000  0.83942
NdSb                  5.52500  8.64300  1.14000  2.05000  0.50000  0.50000  0.71726
NdSe                  5.52500  9.75200  1.14000  2.55000  0.50000  0.50000  0.80347
NdTe                  5.52500  9.00900  1.14000  2.10000  0.50000  0.50000  0.73910
SmO                   5.64300  13.61000  1.17000  3.44000  0.50000  0.50000  1.06746
TbP                   5.86400  10.48000  1.21000  2.19000  0.50000  0.50000  0.77549
YbP                   6.25300  10.48000  1.25000  2.19000  0.50000  0.50000  0.76260
PbPo                  7.41600  8.41600  2.33000  2.00000  0.50000  0.50000  0.34285
PrS                   5.46100  10.36000  1.13000  2.58000  0.50000  0.50000  0.84019
PrSb                  5.46100  8.64300  1.13000  2.05000  0.50000  0.50000  0.71301
PrTe                  5.46100  9.00900  1.13000  2.10000  0.50000  0.50000  0.73105
ScS                   6.56100  10.36000  1.36000  2.58000  0.50000  0.50000  0.72674
TbS                   5.86400  10.36000  1.21000  2.58000  0.50000  0.50000  0.84452
TmS                   6.18400  10.36000  1.25000  2.58000  0.50000  0.50000  0.84452
YS                    6.21800  10.36000  1.22000  2.58000  0.50000  0.50000  0.80998
TbSb                  5.86400  8.64300  1.21000  2.05000  0.50000  0.50000  0.71240
TmSb                  6.18400  8.64300  1.25000  2.05000  0.50000  0.50000  0.70801
ThP                   6.08300  10.48000  1.30000  2.19000  0.50000  0.50000  0.84189
ThS                   6.08300  10.36000  1.30000  2.58000  0.50000  0.50000  0.90228
ThSb                  6.08300  8.64300  1.30000  2.05000  0.50000  0.50000  0.75919
ThSe                  6.08300  9.75200  1.30000  2.55000  0.50000  0.50000  0.86289
ThAs                  6.08300  9.81400  1.30000  2.18000  0.50000  0.50000  0.81780
UC                    6.19300  11.26000  1.38000  2.55000  0.50000  0.50000  1.09421
UN                    6.19300  14.53000  1.38000  3.04000  0.50000  0.50000  1.13161
USe                   6.19300  9.75200  1.38000  2.55000  0.50000  0.50000  0.81248
UTe                   6.19300  9.00900  1.38000  2.10000  0.50000  0.50000  0.72669
NpAs                  6.26500  9.81400  1.36000  2.18000  0.50000  0.50000  0.72025
NpC                   6.26500  11.26000  1.36000  2.55000  0.50000  0.50000  0.97704
NpN                   6.26500  14.53000  1.36000  3.04000  0.50000  0.50000  1.01533
NpP                   6.26500  10.48000  1.36000  2.19000  0.50000  0.50000  0.76470
NpSb                  6.26500  8.64300  1.36000  2.05000  0.50000  0.50000  0.65441
NpTe                  6.26500  9.00900  1.36000  2.10000  0.50000  0.50000  0.66631
PuBi                  6.05900  7.28600  1.28000  2.02000  0.50000  0.50000  0.64004
PuC                   6.05900  11.26000  1.28000  2.55000  0.50000  0.50000  0.95012
PuN                   6.05900  14.53000  1.28000  3.04000  0.50000  0.50000  0.97867
PuP                   6.05900  10.48000  1.28000  2.19000  0.50000  0.50000  0.76098
PuS                   6.05900  10.36000  1.28000  2.58000  0.50000  0.50000  0.75763
PuSb                  6.05900  8.64300  1.28000  2.05000  0.50000  0.50000  0.63674
La4As3                5.57700  9.81400  1.10000  2.18000  0.57100  0.42900  0.87131
La4Sb3                5.57700  8.64300  1.10000  2.05000  0.57100  0.42900  0.81050
Sm4As3                5.64300  9.81400  1.17000  2.18000  0.57100  0.42900  0.87689
Ce4Bi3                5.53800  7.28600  1.12000  2.02000  0.57100  0.42900  0.80847
Eu4Bi3                5.67000  7.28600  1.18000  2.02000  0.57100  0.42900  0.68320
Gd4Bi3                6.15000  7.28600  1.20000  2.02000  0.57100  0.42900  0.80736
Nd4Bi3                5.52500  7.28600  1.14000  2.02000  0.57100  0.42900  0.81195
Pr4Bi3                5.46100  7.28600  1.13000  2.02000  0.57100  0.42900  0.81786
Tb4Bi3                5.86400  7.28600  1.21000  2.02000  0.57100  0.42900  0.80522
Yb4Bi3                6.25300  7.28600  1.25000  2.02000  0.57100  0.42900  0.69682
Ce4Sb3                5.53800  8.64300  1.12000  2.05000  0.57100  0.42900  0.81826
Dy4Sb3                5.93800  8.64300  1.22000  2.05000  0.57100  0.42900  0.80489
Gd4Sb3                6.15000  8.64300  1.20000  2.05000  0.57100  0.42900  0.81606
Nd4Sb3                5.52500  8.64300  1.14000  2.05000  0.57100  0.42900  0.82305
Pr4Sb3                5.46100  8.64300  1.13000  2.05000  0.57100  0.42900  0.84832
Sm4Sb3                5.64300  8.64300  1.17000  2.05000  0.57100  0.42900  0.81460
Tb4Sb3                5.86400  8.64300  1.21000  2.05000  0.57100  0.42900  0.80965
U3As4                 6.19300  9.81400  1.38000  2.18000  0.42900  0.57100  0.79315
Th3Bi4                6.08300  7.28600  1.30000  2.02000  0.42900  0.57100  0.75109
Gd3Sb4                6.15000  8.64300  1.20000  2.05000  0.42900  0.57100  0.71068
La3Se4                5.57700  9.75200  1.10000  2.55000  0.42900  0.57100  0.89550
Nd3Se4                5.52500  9.75200  1.14000  2.55000  0.42900  0.57100  0.74856
U3P4                  6.19300  10.48000  1.38000  2.19000  0.42900  0.57100  0.83105
IrO2                  9.12100  13.61000  2.20000  3.44000  0.33300  0.66700  0.44352
RuO2                  7.36100  13.61000  2.22000  3.44000  0.33300  0.66700  0.46221
PtAl2                 9.01700  5.98500  2.28000  1.61000  0.33300  0.66700  0.49176
AcH2                  5.17200  13.59000  1.10000  2.20000  0.33300  0.66700  0.91895
AuGa2                 9.22500  5.99800  2.54000  1.81000  0.33300  0.66700  0.45916
AuIn2                 9.22500  5.78600  2.54000  1.78000  0.33300  0.66700  0.50145
CoSi2                 7.88000  8.15100  1.88000  1.90000  0.33300  0.66700  0.51642
DyH2                  5.93800  13.59000  1.22000  2.20000  0.33300  0.66700  0.85005
ErH2                  6.10700  13.59000  1.24000  2.20000  0.33300  0.66700  0.84875
GdH2                  6.15000  13.59000  1.20000  2.20000  0.33300  0.66700  0.85361
TiH2                  6.82700  13.59000  1.54000  2.20000  0.33300  0.66700  0.78217
YH2                   6.21800  13.59000  1.22000  2.20000  0.33300  0.66700  0.82203
SmH2                  5.64300  13.59000  1.17000  2.20000  0.33300  0.66700  0.84631
ThH2                  6.08300  13.59000  1.30000  2.20000  0.33300  0.66700  1.02145
HoH2                  6.02100  13.59000  1.23000  2.20000  0.33300  0.66700  0.86790
LuH2                  5.42500  13.59000  1.27000  2.20000  0.33300  0.66700  0.86723
NbH2                  6.75800  13.59000  1.60000  2.20000  0.33300  0.66700  0.78790
NpH2                  6.26500  13.59000  1.36000  2.20000  0.33300  0.66700  0.75786
PuH2                  6.05900  13.59000  1.28000  2.20000  0.33300  0.66700  0.71839
TbH2                  5.86400  13.59000  1.21000  2.20000  0.33300  0.66700  0.85426
TmH2                  6.18400  13.59000  1.25000  2.20000  0.33300  0.66700  0.87904
NiSi2                 7.63900  8.15100  1.91000  1.90000  0.33300  0.66700  0.49529
PtSn2                 9.01700  7.34400  2.28000  1.96000  0.33300  0.66700  0.49638
PrTl                  5.46100  6.10800  1.13000  1.62000  0.50000  0.50000  0.80913
ThBi                  6.08300  7.28600  1.30000  2.02000  0.50000  0.50000  0.84041
CeTl                  5.53800  6.10800  1.12000  1.62000  0.50000  0.50000  0.82237
DyIn                  5.93800  5.78600  1.22000  1.78000  0.50000  0.50000  0.76429
DyTl                  5.93800  6.10800  1.22000  1.62000  0.50000  0.50000  0.80887
ErIn                  6.10700  5.78600  1.24000  1.78000  0.50000  0.50000  0.76675
ErTl                  6.10700  6.10800  1.24000  1.62000  0.50000  0.50000  0.80064
EuTl                  5.67000  6.10800  1.18000  1.62000  0.50000  0.50000  0.72375
HoTl                  6.02100  6.10800  1.23000  1.62000  0.50000  0.50000  0.81407
YbIn                  6.25300  5.78600  1.25000  1.78000  0.50000  0.50000  0.71327
LaTl                  5.57700  6.10800  1.10000  1.62000  0.50000  0.50000  0.81873
MgTl                  7.64500  6.10800  1.31000  1.62000  0.50000  0.50000  0.51332
NdTl                  5.52500  6.10800  1.14000  1.62000  0.50000  0.50000  0.82115
SmTl                  5.64300  6.10800  1.17000  1.62000  0.50000  0.50000  0.81880
TbTl                  5.86400  6.10800  1.21000  1.62000  0.50000  0.50000  0.81559
TmTl                  6.18400  6.10800  1.25000  1.62000  0.50000  0.50000  0.83956
FeAs                  7.90200  9.81400  1.83000  2.18000  0.50000  0.50000  0.60724
AuGa                  9.22500  5.99800  2.54000  1.81000  0.50000  0.50000  0.52353
CrP                   6.76600  10.48000  1.66000  2.19000  0.50000  0.50000  0.65389
FeP                   7.90200  10.48000  1.83000  2.19000  0.50000  0.50000  0.63048
MnP                   7.43400  10.48000  1.55000  2.19000  0.50000  0.50000  0.66379
NiSi                  7.63900  8.15100  1.91000  1.90000  0.50000  0.50000  0.56421
RuP                   7.36100  10.48000  2.22000  2.19000  0.50000  0.50000  0.63967
PdSn                  8.33700  7.34400  2.20000  1.96000  0.50000  0.50000  0.60376
PtSi                  9.01700  8.15100  2.28000  1.90000  0.50000  0.50000  0.54864
RhSi                  7.45900  8.15100  2.28000  1.90000  0.50000  0.50000  0.64292
VS                    6.74600  10.36000  1.63000  2.58000  0.50000  0.50000  0.70582
TiSe                  6.82700  9.75200  1.54000  2.55000  0.50000  0.50000  0.69585
MnAs                  7.43400  9.81400  1.55000  2.18000  0.50000  0.50000  0.53602
NiAs                  7.63900  9.81400  1.91000  2.18000  0.50000  0.50000  0.52607
AuSn                  9.22500  7.34400  2.54000  1.96000  0.50000  0.50000  0.48778
MnBi                  7.43400  7.28600  1.55000  2.02000  0.50000  0.50000  0.51086
PtBi                  9.01700  7.28600  2.28000  2.02000  0.50000  0.50000  0.54609
CoSb                  7.88000  8.64300  1.88000  2.05000  0.50000  0.50000  0.56249
CrSb                  6.76600  8.64300  1.66000  2.05000  0.50000  0.50000  0.53422
VP                    6.74600  10.48000  1.63000  2.19000  0.50000  0.50000  0.73877
PdSb                  8.33700  8.64300  2.20000  2.05000  0.50000  0.50000  0.55919
PdTe                  8.33700  9.00900  2.20000  2.10000  0.50000  0.50000  0.53234
PtSn                  9.01700  7.34400  2.28000  1.96000  0.50000  0.50000  0.54981
VSe                   6.74600  9.75200  1.63000  2.55000  0.50000  0.50000  0.64033
ReO3                  7.87700  13.61000  1.90000  3.44000  0.25000  0.75000  0.34254
ThH2                  6.08300  13.59000  1.30000  2.20000  0.33300  0.66700  0.87154
TiH2                  6.82700  13.59000  1.54000  2.20000  0.33300  0.66700  0.80775
ZrH2                  6.63400  13.59000  1.33000  2.20000  0.33300  0.66700  0.82692
AlAs                  5.98500  9.81400  1.61000  2.18000  0.50000  0.50000  0.31925
AlP                   5.98500  10.48000  1.61000  2.19000  0.50000  0.50000  0.30728
AlSb                  5.98500  8.64300  1.61000  2.05000  0.50000  0.50000  0.32901
GaAs                  5.99800  9.81400  1.81000  2.18000  0.50000  0.50000  0.32523
InAs                  5.78600  9.81400  1.78000  2.18000  0.50000  0.50000  0.34330
BP                    8.29700  10.48000  2.04000  2.19000  0.50000  0.50000  0.32590
BeS                   9.32200  10.36000  1.57000  2.58000  0.50000  0.50000  0.29756
BeSe                  9.32200  9.75200  1.57000  2.55000  0.50000  0.50000  0.32087
BeTe                  9.32200  9.00900  1.57000  2.10000  0.50000  0.50000  0.33035
CuBr                  7.72600  11.81000  1.90000  2.96000  0.50000  0.50000  0.36809
CdPo                  8.99400  8.41600  1.69000  2.00000  0.50000  0.50000  0.32426
CdTe                  8.99400  9.00900  1.69000  2.10000  0.50000  0.50000  0.34522
CuF                   7.72600  17.42000  1.90000  3.98000  0.50000  0.50000  0.54051
GaP                   5.99800  10.48000  1.81000  2.19000  0.50000  0.50000  0.31474
GaSb                  5.99800  8.64300  1.81000  2.05000  0.50000  0.50000  0.33310
HgSe                  10.43000  9.75200  2.00000  2.55000  0.50000  0.50000  0.29954
HgTe                  10.43000  9.00900  2.00000  2.10000  0.50000  0.50000  0.30629
MgTe                  7.64500  9.00900  1.31000  2.10000  0.50000  0.50000  0.32879
ZnPo                  9.39400  8.41600  1.65000  2.00000  0.50000  0.50000  0.30424
ZnS                   9.39400  10.36000  1.65000  2.58000  0.50000  0.50000  0.31640
Al2O3                 5.98500  13.61000  1.61000  3.44000  0.40000  0.60000  0.43407
Lu2S3                 5.42500  10.36000  1.27000  2.58000  0.40000  0.60000  0.58596
Rh2O3                 7.45900  13.61000  2.28000  3.44000  0.40000  0.60000  0.52538
Yb2S3                 6.25300  10.36000  1.25000  2.58000  0.40000  0.60000  0.59238
Ce2O3                 5.53800  13.61000  1.12000  3.44000  0.40000  0.60000  0.94100
La2O3                 5.57700  13.61000  1.10000  3.44000  0.40000  0.60000  0.94563
Nd2O3                 5.52500  13.61000  1.14000  3.44000  0.40000  0.60000  0.94020
AgBr                  7.57600  11.81000  1.93000  2.96000  0.50000  0.50000  0.39407
AgCl                  7.57600  12.96000  1.93000  3.16000  0.50000  0.50000  0.40280
AgF                   7.57600  17.42000  1.93000  3.98000  0.50000  0.50000  0.45496
BaO                   5.21200  13.61000  0.89000  3.44000  0.50000  0.50000  1.00766
BaS                   5.21200  10.36000  0.89000  2.58000  0.50000  0.50000  0.71322
BaSe                  5.21200  9.75200  0.89000  2.55000  0.50000  0.50000  0.67990
BaTe                  5.21200  9.00900  0.89000  2.10000  0.50000  0.50000  0.61229
KBr                   4.34000  11.81000  0.82000  2.96000  0.50000  0.50000  0.58772
LiBr                  5.39100  11.81000  0.98000  2.96000  0.50000  0.50000  0.38733
NaBr                  5.13800  11.81000  0.93000  2.96000  0.50000  0.50000  0.51000
RbBr                  4.17600  11.81000  0.82000  2.96000  0.50000  0.50000  0.64910
CaS                   6.11200  10.36000  1.00000  2.58000  0.50000  0.50000  0.63060
CaSe                  6.11200  9.75200  1.00000  2.55000  0.50000  0.50000  0.58217
CaTe                  6.11200  9.00900  1.00000  2.10000  0.50000  0.50000  0.59645
CdO                   8.99400  13.61000  1.69000  3.44000  0.50000  0.50000  0.52963
CsF                   3.89300  17.42000  0.79000  3.98000  0.50000  0.50000  1.14012
CsH                   3.89300  13.59000  0.79000  2.20000  0.50000  0.50000  0.94091
LiF                   5.39100  17.42000  0.98000  3.98000  0.50000  0.50000  0.58865
NaF                   5.13800  17.42000  0.93000  3.98000  0.50000  0.50000  0.73943
RbF                   4.17600  17.42000  0.82000  3.98000  0.50000  0.50000  0.96479
KH                    4.34000  13.59000  0.82000  2.20000  0.50000  0.50000  0.75953
LiH                   5.39100  13.59000  0.98000  2.20000  0.50000  0.50000  0.53093
NaH                   5.13800  13.59000  0.93000  2.20000  0.50000  0.50000  0.65488
KI                    4.34000  10.45000  0.82000  2.66000  0.50000  0.50000  0.52618
LiI                   5.39100  10.45000  0.98000  2.66000  0.50000  0.50000  0.36009
NaI                   5.13800  10.45000  0.93000  2.66000  0.50000  0.50000  0.44996
RbI                   4.17600  10.45000  0.82000  2.66000  0.50000  0.50000  0.56542
MgO                   7.64500  13.61000  1.31000  3.44000  0.50000  0.50000  0.69599
MgSe                  7.64500  9.75200  1.31000  2.55000  0.50000  0.50000  0.46592
SrO                   5.69500  13.61000  0.95000  3.44000  0.50000  0.50000  0.93067
SrSe                  5.69500  9.75200  0.95000  2.55000  0.50000  0.50000  0.63416
SrTe                  5.69500  9.00900  0.95000  2.10000  0.50000  0.50000  0.56964
KCl                   4.34000  12.96000  0.82000  3.16000  0.50000  0.50000  0.63650
CaO                   6.11200  13.61000  1.00000  3.44000  0.50000  0.50000  0.86408
NaCl                  5.13800  12.96000  0.93000  3.16000  0.50000  0.50000  0.53194
KF                    4.34000  17.42000  0.82000  3.98000  0.50000  0.50000  0.92005
TlBr                  6.10800  11.81000  1.62000  2.96000  0.50000  0.50000  0.28092
CoO                   7.88000  13.61000  1.88000  3.44000  0.50000  0.50000  0.49515
FeO                   7.90200  13.61000  1.83000  3.44000  0.50000  0.50000  0.54451
GdN                   6.15000  14.53000  1.20000  3.04000  0.50000  0.50000  1.06360
EuS                   5.67000  10.36000  1.18000  2.58000  0.50000  0.50000  0.69891
EuSe                  5.67000  9.75200  1.18000  2.55000  0.50000  0.50000  0.66849
MnO                   7.43400  13.61000  1.55000  3.44000  0.50000  0.50000  0.56912
MnSe                  7.43400  9.75200  1.55000  2.55000  0.50000  0.50000  0.45935
SiC                   8.15100  11.26000  1.90000  2.55000  0.50000  0.50000  0.36603
Eu4As3                5.67000  9.81400  1.18000  2.18000  0.57100  0.42900  0.77334
Eu3S4                 5.67000  10.36000  1.18000  2.58000  0.42900  0.57100  0.75313
CoF2                  7.88000  17.42000  1.88000  3.98000  0.33300  0.66700  0.28065
FeF2                  7.90200  17.42000  1.83000  3.98000  0.33300  0.66700  0.28732
MnF2                  7.43400  17.42000  1.55000  3.98000  0.33300  0.66700  0.32572
NiF2                  7.63900  17.42000  1.91000  3.98000  0.33300  0.66700  0.28643
VF2                   6.74600  17.42000  1.63000  3.98000  0.33300  0.66700  0.44318
MgF2                  7.64500  17.42000  1.31000  3.98000  0.33300  0.66700  0.40840
GeO2                  7.89700  13.61000  2.01000  3.44000  0.33300  0.66700  0.34925
SnO2                  7.34400  13.61000  1.96000  3.44000  0.33300  0.66700  0.38181
TiO2                  6.82700  13.61000  1.54000  3.44000  0.33300  0.66700  0.62751
AgI                   7.57600  10.45000  1.93000  2.66000  0.50000  0.50000  0.35068
AlN                   5.98500  14.53000  1.61000  3.04000  0.50000  0.50000  0.42720
BeO                   9.32200  13.61000  1.57000  3.44000  0.50000  0.50000  0.35514
CdSe                  8.99400  9.75200  1.69000  2.55000  0.50000  0.50000  0.35149
GaN                   5.99800  14.53000  1.81000  3.04000  0.50000  0.50000  0.40253
InN                   5.78600  14.53000  1.78000  3.04000  0.50000  0.50000  0.43579
ZnO                   9.39400  13.61000  1.65000  3.44000  0.50000  0.50000  0.37025
CdF2                  8.99400  17.42000  1.69000  3.98000  0.33300  0.66700  0.35913
CeO2                  5.53800  13.61000  1.12000  3.44000  0.33300  0.66700  0.95868
SrCl2                 5.69500  12.96000  0.95000  3.16000  0.33300  0.66700  0.47010
YbF2                  6.25300  17.42000  1.25000  3.98000  0.33300  0.66700  0.65959
ThO2                  6.08300  13.61000  1.30000  3.44000  0.33300  0.66700  0.89079
NpO2                  6.26500  13.61000  1.36000  3.44000  0.33300  0.66700  0.77628
PrO2                  5.46100  13.61000  1.13000  3.44000  0.33300  0.66700  0.95502
PuO2                  6.05900  13.61000  1.28000  3.44000  0.33300  0.66700  0.75827
TbO2                  5.86400  13.61000  1.21000  3.44000  0.33300  0.66700  0.90163
UO2                   6.19300  13.61000  1.38000  3.44000  0.33300  0.66700  0.82967
AmO2                  5.99100  13.61000  1.30000  3.44000  0.33300  0.66700  0.68629
CmO2                  6.02200  13.61000  1.30000  3.44000  0.33300  0.66700  0.58775
EuF2                  5.67000  17.42000  1.18000  3.98000  0.33300  0.66700  0.68554
PbF2                  7.41600  17.42000  2.33000  3.98000  0.33300  0.66700  0.27841
CsBr                  3.89300  11.81000  0.79000  2.96000  0.50000  0.50000  0.86356
CsCl                  3.89300  12.96000  0.79000  3.16000  0.50000  0.50000  0.93362
TlCl                  6.10800  12.96000  1.62000  3.16000  0.50000  0.50000  0.30355
Cu3N                  7.72600  14.53000  1.90000  3.04000  0.75000  0.25000  0.55099
YP                    6.21800  10.48000  1.22000  2.19000  0.50000  0.50000  0.66957
Th3As4                6.08300  9.81400  1.30000  2.18000  0.42900  0.57100  0.72595
La3Te4                5.57700  9.00900  1.10000  2.10000  0.42900  0.57100  0.62739
